year,tmID,name,season_win_pct,won,lost,GP,o_pts,d_pts,point_diff,home_win_pct,away_win_pct,prev_season_win_pct_1,prev_season_win_pct_3,prev_season_win_pct_5,prev_point_diff_3,prev_point_diff_5,prev_wins_1,win_pct_change_from_prev
9,ATL,Atlanta Dream,0.12,4.0,30.0,34.0,2534.0,2879.0,-345.0,0.06,0.18,,,,,,,
10,ATL,Atlanta Dream,0.53,18.0,16.0,34.0,2861.0,2797.0,64.0,0.71,0.35,0.12,,,,,4.0,0.41
1,CHA,Charlotte Sting,0.25,8.0,24.0,32.0,2186.0,2429.0,-243.0,0.31,0.19,,,,,,,
2,CHA,Charlotte Sting,0.56,18.0,14.0,32.0,2055.0,2009.0,46.0,0.69,0.44,0.25,,,,,8.0,0.31
3,CHA,Charlotte Sting,0.56,18.0,14.0,32.0,2241.0,2133.0,108.0,0.69,0.44,0.56,,,,,18.0,0.0
4,CHA,Charlotte Sting,0.53,18.0,16.0,34.0,2217.0,2195.0,22.0,0.76,0.29,0.56,,,,,18.0,-0.03
5,CHA,Charlotte Sting,0.47,16.0,18.0,34.0,2092.0,2168.0,-76.0,0.59,0.35,0.53,,,,,18.0,-0.06
6,CHA,Charlotte Sting,0.18,6.0,28.0,34.0,2095.0,2335.0,-240.0,0.29,0.06,0.47,,,,,16.0,-0.29
7,CHA,Charlotte Sting,0.32,11.0,23.0,34.0,2456.0,2571.0,-115.0,0.41,0.24,0.18,,,,,6.0,0.15
7,CHI,Chicago Sky,0.15,5.0,29.0,34.0,2322.0,2687.0,-365.0,0.18,0.12,,,,,,,
8,CHI,Chicago Sky,0.41,14.0,20.0,34.0,2525.0,2611.0,-86.0,0.35,0.47,0.15,,,,,5.0,0.26
9,CHI,Chicago Sky,0.35,12.0,22.0,34.0,2472.0,2510.0,-38.0,0.47,0.24,0.41,,,,,14.0,-0.06
10,CHI,Chicago Sky,0.47,16.0,18.0,34.0,2573.0,2693.0,-120.0,0.71,0.24,0.35,,,,,12.0,0.12
1,CLE,Cleveland Rockers,0.53,17.0,15.0,32.0,2185.0,2122.0,63.0,0.81,0.25,,,,,,,
2,CLE,Cleveland Rockers,0.69,22.0,10.0,32.0,2004.0,1788.0,216.0,0.88,0.5,0.53,,,,,17.0,0.16
3,CLE,Cleveland Rockers,0.31,10.0,22.0,32.0,2071.0,2140.0,-69.0,0.25,0.38,0.69,,,,,22.0,-0.38
4,CLE,Cleveland Rockers,0.5,17.0,17.0,34.0,2229.0,2210.0,19.0,0.65,0.35,0.31,,,,,10.0,0.19
4,CON,Connecticut Sun,0.53,18.0,16.0,34.0,2384.0,2409.0,-25.0,0.59,0.47,,,,,,,
5,CON,Connecticut Sun,0.53,18.0,16.0,34.0,2335.0,2304.0,31.0,0.59,0.47,0.53,,,,,18.0,0.0
6,CON,Connecticut Sun,0.76,26.0,8.0,34.0,2474.0,2244.0,230.0,0.82,0.71,0.53,,,,,18.0,0.24
7,CON,Connecticut Sun,0.76,26.0,8.0,34.0,2683.0,2417.0,266.0,0.82,0.71,0.76,,,,,26.0,0.0
8,CON,Connecticut Sun,0.53,18.0,16.0,34.0,2675.0,2593.0,82.0,0.47,0.59,0.76,,,,,26.0,-0.24
9,CON,Connecticut Sun,0.62,21.0,13.0,34.0,2690.0,2541.0,149.0,0.76,0.47,0.53,,,,,18.0,0.09
10,CON,Connecticut Sun,0.47,16.0,18.0,34.0,2651.0,2654.0,-3.0,0.71,0.24,0.62,,,,,21.0,-0.15
1,DET,Detroit Shock,0.44,14.0,18.0,32.0,2331.0,2426.0,-95.0,0.5,0.38,,,,,,,
2,DET,Detroit Shock,0.31,10.0,22.0,32.0,2103.0,2269.0,-166.0,0.38,0.25,0.44,,,,,14.0,-0.12
3,DET,Detroit Shock,0.28,9.0,23.0,32.0,2114.0,2266.0,-152.0,0.44,0.12,0.31,,,,,10.0,-0.03
4,DET,Detroit Shock,0.74,25.0,9.0,34.0,2553.0,2395.0,158.0,0.76,0.71,0.28,,,,,9.0,0.45
5,DET,Detroit Shock,0.5,17.0,17.0,34.0,2366.0,2381.0,-15.0,0.47,0.53,0.74,,,,,25.0,-0.24
6,DET,Detroit Shock,0.47,16.0,18.0,34.0,2247.0,2287.0,-40.0,0.71,0.24,0.5,,,,,17.0,-0.03
7,DET,Detroit Shock,0.68,23.0,11.0,34.0,2527.0,2384.0,143.0,0.82,0.53,0.47,,,,,16.0,0.21
8,DET,Detroit Shock,0.71,24.0,10.0,34.0,2697.0,2540.0,157.0,0.71,0.71,0.68,,,,,23.0,0.03
9,DET,Detroit Shock,0.65,22.0,12.0,34.0,2672.0,2522.0,150.0,0.82,0.47,0.71,,,,,24.0,-0.06
10,DET,Detroit Shock,0.53,18.0,16.0,34.0,2652.0,2644.0,8.0,0.65,0.41,0.65,,,,,22.0,-0.12
1,HOU,Houston Comets,0.84,27.0,5.0,32.0,2475.0,2066.0,409.0,0.88,0.81,,,,,,,
2,HOU,Houston Comets,0.59,19.0,13.0,32.0,2047.0,1994.0,53.0,0.69,0.5,0.84,,,,,27.0,-0.25
3,HOU,Houston Comets,0.75,24.0,8.0,32.0,2072.0,1892.0,180.0,0.88,0.62,0.59,,,,,19.0,0.16
4,HOU,Houston Comets,0.59,20.0,14.0,34.0,2244.0,2142.0,102.0,0.82,0.35,0.75,,,,,24.0,-0.16
5,HOU,Houston Comets,0.38,13.0,21.0,34.0,2177.0,2211.0,-34.0,0.53,0.24,0.59,,,,,20.0,-0.21
6,HOU,Houston Comets,0.56,19.0,15.0,34.0,2309.0,2263.0,46.0,0.65,0.47,0.38,,,,,13.0,0.18
7,HOU,Houston Comets,0.53,18.0,16.0,34.0,2507.0,2449.0,58.0,0.71,0.35,0.56,,,,,19.0,-0.03
8,HOU,Houston Comets,0.38,13.0,21.0,34.0,2510.0,2628.0,-118.0,0.41,0.35,0.53,,,,,18.0,-0.15
9,HOU,Houston Comets,0.5,17.0,17.0,34.0,2561.0,2606.0,-45.0,0.76,0.24,0.38,,,,,13.0,0.12
1,IND,Indiana Fever,0.28,9.0,23.0,32.0,2213.0,2290.0,-77.0,0.31,0.25,,,,,,,
2,IND,Indiana Fever,0.31,10.0,22.0,32.0,2153.0,2249.0,-96.0,0.44,0.19,0.28,,,,,9.0,0.03
3,IND,Indiana Fever,0.5,16.0,16.0,32.0,2097.0,2129.0,-32.0,0.62,0.38,0.31,,,,,10.0,0.19
4,IND,Indiana Fever,0.47,16.0,18.0,34.0,2337.0,2321.0,16.0,0.65,0.29,0.5,,,,,16.0,-0.03
5,IND,Indiana Fever,0.44,15.0,19.0,34.0,2198.0,2245.0,-47.0,0.59,0.29,0.47,,,,,16.0,-0.03
6,IND,Indiana Fever,0.62,21.0,13.0,34.0,2170.0,2133.0,37.0,0.82,0.41,0.44,,,,,15.0,0.18
7,IND,Indiana Fever,0.62,21.0,13.0,34.0,2435.0,2316.0,119.0,0.71,0.53,0.62,,,,,21.0,0.0
8,IND,Indiana Fever,0.62,21.0,13.0,34.0,2480.0,2370.0,110.0,0.71,0.53,0.62,,,,,21.0,0.0
9,IND,Indiana Fever,0.5,17.0,17.0,34.0,2473.0,2457.0,16.0,0.65,0.35,0.62,,,,,21.0,-0.12
10,IND,Indiana Fever,0.65,22.0,12.0,34.0,2606.0,2501.0,105.0,0.82,0.47,0.5,,,,,17.0,0.15
1,LAS,Los Angeles Sparks,0.88,28.0,4.0,32.0,2417.0,2169.0,248.0,0.94,0.81,,,,,,,
2,LAS,Los Angeles Sparks,0.88,28.0,4.0,32.0,2441.0,2166.0,275.0,1.0,0.75,0.88,,,,,28.0,0.0
3,LAS,Los Angeles Sparks,0.78,25.0,7.0,32.0,2452.0,2235.0,217.0,0.75,0.81,0.88,,,,,28.0,-0.09
4,LAS,Los Angeles Sparks,0.71,24.0,10.0,34.0,2499.0,2432.0,67.0,0.65,0.76,0.78,,,,,25.0,-0.08
5,LAS,Los Angeles Sparks,0.74,25.0,9.0,34.0,2495.0,2361.0,134.0,0.88,0.59,0.71,,,,,24.0,0.03
6,LAS,Los Angeles Sparks,0.5,17.0,17.0,34.0,2326.0,2345.0,-19.0,0.65,0.35,0.74,,,,,25.0,-0.24
7,LAS,Los Angeles Sparks,0.74,25.0,9.0,34.0,2575.0,2476.0,99.0,0.88,0.59,0.5,,,,,17.0,0.24
8,LAS,Los Angeles Sparks,0.29,10.0,24.0,34.0,2533.0,2708.0,-175.0,0.29,0.29,0.74,,,,,25.0,-0.44
9,LAS,Los Angeles Sparks,0.59,20.0,14.0,34.0,2598.0,2523.0,75.0,0.71,0.47,0.29,,,,,10.0,0.29
10,LAS,Los Angeles Sparks,0.53,18.0,16.0,34.0,2533.0,2498.0,35.0,0.65,0.41,0.59,,,,,20.0,-0.06
1,MIA,Miami Sol,0.41,13.0,19.0,32.0,1831.0,2001.0,-170.0,0.56,0.25,,,,,,,
2,MIA,Miami Sol,0.62,20.0,12.0,32.0,1957.0,1898.0,59.0,0.62,0.62,0.41,,,,,13.0,0.22
3,MIA,Miami Sol,0.47,15.0,17.0,32.0,2046.0,2088.0,-42.0,0.56,0.38,0.62,,,,,20.0,-0.16
1,MIN,Minnesota Lynx,0.47,15.0,17.0,32.0,2193.0,2188.0,5.0,0.5,0.44,,,,,,,
2,MIN,Minnesota Lynx,0.38,12.0,20.0,32.0,2077.0,2156.0,-79.0,0.38,0.38,0.47,,,,,15.0,-0.09
3,MIN,Minnesota Lynx,0.31,10.0,22.0,32.0,2003.0,2104.0,-101.0,0.44,0.19,0.38,,,,,12.0,-0.06
4,MIN,Minnesota Lynx,0.53,18.0,16.0,34.0,2380.0,2370.0,10.0,0.65,0.41,0.31,,,,,10.0,0.22
5,MIN,Minnesota Lynx,0.53,18.0,16.0,34.0,2165.0,2190.0,-25.0,0.65,0.41,0.53,,,,,18.0,0.0
6,MIN,Minnesota Lynx,0.41,14.0,20.0,34.0,2211.0,2288.0,-77.0,0.65,0.18,0.53,,,,,18.0,-0.12
7,MIN,Minnesota Lynx,0.29,10.0,24.0,34.0,2523.0,2735.0,-212.0,0.47,0.12,0.41,,,,,14.0,-0.12
8,MIN,Minnesota Lynx,0.29,10.0,24.0,34.0,2636.0,2752.0,-116.0,0.41,0.18,0.29,,,,,10.0,0.0
9,MIN,Minnesota Lynx,0.47,16.0,18.0,34.0,2767.0,2721.0,46.0,0.53,0.41,0.29,,,,,10.0,0.18
10,MIN,Minnesota Lynx,0.41,14.0,20.0,34.0,2731.0,2827.0,-96.0,0.53,0.29,0.47,,,,,16.0,-0.06
1,NYL,New York Liberty,0.62,20.0,12.0,32.0,2148.0,2035.0,113.0,0.75,0.5,,,,,,,
2,NYL,New York Liberty,0.66,21.0,11.0,32.0,2162.0,2082.0,80.0,0.81,0.5,0.62,,,,,20.0,0.03
3,NYL,New York Liberty,0.56,18.0,14.0,32.0,2089.0,2015.0,74.0,0.62,0.5,0.66,,,,,21.0,-0.09
4,NYL,New York Liberty,0.47,16.0,18.0,34.0,2243.0,2256.0,-13.0,0.65,0.29,0.56,,,,,18.0,-0.09
5,NYL,New York Liberty,0.53,18.0,16.0,34.0,2252.0,2297.0,-45.0,0.65,0.41,0.47,,,,,16.0,0.06
6,NYL,New York Liberty,0.53,18.0,16.0,34.0,2316.0,2285.0,31.0,0.59,0.47,0.53,,,,,18.0,0.0
7,NYL,New York Liberty,0.32,11.0,23.0,34.0,2372.0,2656.0,-284.0,0.41,0.24,0.53,,,,,18.0,-0.21
8,NYL,New York Liberty,0.47,16.0,18.0,34.0,2413.0,2501.0,-88.0,0.59,0.35,0.32,,,,,11.0,0.15
9,NYL,New York Liberty,0.56,19.0,15.0,34.0,2573.0,2538.0,35.0,0.65,0.47,0.47,,,,,16.0,0.09
10,NYL,New York Liberty,0.38,13.0,21.0,34.0,2512.0,2535.0,-23.0,0.47,0.29,0.56,,,,,19.0,-0.18
1,ORL,Orlando Miracle,0.5,16.0,16.0,32.0,2208.0,2233.0,-25.0,0.69,0.31,,,,,,,
2,ORL,Orlando Miracle,0.41,13.0,19.0,32.0,2140.0,2205.0,-65.0,0.62,0.19,0.5,,,,,16.0,-0.09
3,ORL,Orlando Miracle,0.5,16.0,16.0,32.0,2254.0,2255.0,-1.0,0.62,0.38,0.41,,,,,13.0,0.09
1,PHO,Phoenix Mercury,0.62,20.0,12.0,32.0,2243.0,2102.0,141.0,0.69,0.56,,,,,,,
2,PHO,Phoenix Mercury,0.41,13.0,19.0,32.0,2064.0,2169.0,-105.0,0.62,0.19,0.62,,,,,20.0,-0.22
3,PHO,Phoenix Mercury,0.34,11.0,21.0,32.0,2091.0,2291.0,-200.0,0.62,0.06,0.41,,,,,13.0,-0.06
4,PHO,Phoenix Mercury,0.24,8.0,26.0,34.0,2097.0,2270.0,-173.0,0.35,0.12,0.34,,,,,11.0,-0.11
5,PHO,Phoenix Mercury,0.5,17.0,17.0,34.0,2300.0,2235.0,65.0,0.59,0.41,0.24,,,,,8.0,0.26
6,PHO,Phoenix Mercury,0.47,16.0,18.0,34.0,2361.0,2354.0,7.0,0.65,0.29,0.5,,,,,17.0,-0.03
7,PHO,Phoenix Mercury,0.53,18.0,16.0,34.0,2960.0,2879.0,81.0,0.59,0.47,0.47,,,,,16.0,0.06
8,PHO,Phoenix Mercury,0.68,23.0,11.0,34.0,3025.0,2904.0,121.0,0.71,0.65,0.53,,,,,18.0,0.15
9,PHO,Phoenix Mercury,0.47,16.0,18.0,34.0,3010.0,3009.0,1.0,0.59,0.35,0.68,,,,,23.0,-0.21
10,PHO,Phoenix Mercury,0.68,23.0,11.0,34.0,3156.0,3031.0,125.0,0.71,0.65,0.47,,,,,16.0,0.21
1,POR,Portland Fire,0.31,10.0,22.0,32.0,2155.0,2303.0,-148.0,0.38,0.25,,,,,,,
2,POR,Portland Fire,0.34,11.0,21.0,32.0,2088.0,2202.0,-114.0,0.38,0.31,0.31,,,,,10.0,0.03
3,POR,Portland Fire,0.5,16.0,16.0,32.0,2195.0,2227.0,-32.0,0.56,0.44,0.34,,,,,11.0,0.16
1,SAC,Sacramento Monarchs,0.66,21.0,11.0,32.0,2343.0,2176.0,167.0,0.81,0.5,,,,,,,
2,SAC,Sacramento Monarchs,0.62,20.0,12.0,32.0,2294.0,2139.0,155.0,0.75,0.5,0.66,,,,,21.0,-0.03
3,SAC,Sacramento Monarchs,0.44,14.0,18.0,32.0,2166.0,2294.0,-128.0,0.62,0.25,0.62,,,,,20.0,-0.19
4,SAC,Sacramento Monarchs,0.56,19.0,15.0,34.0,2299.0,2216.0,83.0,0.71,0.41,0.44,,,,,14.0,0.12
5,SAC,Sacramento Monarchs,0.53,18.0,16.0,34.0,2312.0,2241.0,71.0,0.59,0.47,0.56,,,,,19.0,-0.03
6,SAC,Sacramento Monarchs,0.74,25.0,9.0,34.0,2329.0,2093.0,236.0,0.88,0.59,0.53,,,,,18.0,0.21
7,SAC,Sacramento Monarchs,0.62,21.0,13.0,34.0,2537.0,2404.0,133.0,0.82,0.41,0.74,,,,,25.0,-0.12
8,SAC,Sacramento Monarchs,0.56,19.0,15.0,34.0,2527.0,2480.0,47.0,0.71,0.41,0.62,,,,,21.0,-0.06
9,SAC,Sacramento Monarchs,0.53,18.0,16.0,34.0,2545.0,2571.0,-26.0,0.76,0.29,0.56,,,,,19.0,-0.03
10,SAC,Sacramento Monarchs,0.35,12.0,22.0,34.0,2610.0,2690.0,-80.0,0.41,0.29,0.53,,,,,18.0,-0.18
4,SAS,San Antonio Silver Stars,0.35,12.0,22.0,34.0,2215.0,2427.0,-212.0,0.53,0.18,,,,,,,
5,SAS,San Antonio Silver Stars,0.26,9.0,25.0,34.0,2191.0,2364.0,-173.0,0.35,0.18,0.35,,,,,12.0,-0.09
6,SAS,San Antonio Silver Stars,0.21,7.0,27.0,34.0,2141.0,2401.0,-260.0,0.29,0.12,0.26,,,,,9.0,-0.06
7,SAS,San Antonio Silver Stars,0.38,13.0,21.0,34.0,2523.0,2603.0,-80.0,0.35,0.41,0.21,,,,,7.0,0.18
8,SAS,San Antonio Silver Stars,0.59,20.0,14.0,34.0,2517.0,2484.0,33.0,0.53,0.65,0.38,,,,,13.0,0.21
9,SAS,San Antonio Silver Stars,0.71,24.0,10.0,34.0,2546.0,2418.0,128.0,0.88,0.53,0.59,,,,,20.0,0.12
10,SAS,San Antonio Silver Stars,0.44,15.0,19.0,34.0,2615.0,2661.0,-46.0,0.59,0.29,0.71,,,,,24.0,-0.26
1,SEA,Seattle Storm,0.19,6.0,26.0,32.0,1822.0,2171.0,-349.0,0.25,0.12,,,,,,,
2,SEA,Seattle Storm,0.31,10.0,22.0,32.0,1921.0,2048.0,-127.0,0.31,0.31,0.19,,,,,6.0,0.12
3,SEA,Seattle Storm,0.53,17.0,15.0,32.0,2188.0,2103.0,85.0,0.62,0.44,0.31,,,,,10.0,0.22
4,SEA,Seattle Storm,0.53,18.0,16.0,34.0,2388.0,2274.0,114.0,0.76,0.29,0.53,,,,,17.0,-0.0
5,SEA,Seattle Storm,0.59,20.0,14.0,34.0,2437.0,2264.0,173.0,0.76,0.41,0.53,,,,,18.0,0.06
6,SEA,Seattle Storm,0.59,20.0,14.0,34.0,2498.0,2407.0,91.0,0.82,0.35,0.59,,,,,20.0,0.0
7,SEA,Seattle Storm,0.53,18.0,16.0,34.0,2644.0,2575.0,69.0,0.53,0.53,0.59,,,,,20.0,-0.06
8,SEA,Seattle Storm,0.5,17.0,17.0,34.0,2734.0,2647.0,87.0,0.71,0.29,0.53,,,,,18.0,-0.03
9,SEA,Seattle Storm,0.65,22.0,12.0,34.0,2493.0,2406.0,87.0,0.94,0.35,0.5,,,,,17.0,0.15
10,SEA,Seattle Storm,0.59,20.0,14.0,34.0,2544.0,2476.0,68.0,0.76,0.41,0.65,,,,,22.0,-0.06
1,UTA,Utah Starzz,0.56,18.0,14.0,32.0,2413.0,2407.0,6.0,0.75,0.38,,,,,,,
2,UTA,Utah Starzz,0.59,19.0,13.0,32.0,2207.0,2192.0,15.0,0.56,0.62,0.56,,,,,18.0,0.03
3,UTA,Utah Starzz,0.62,20.0,12.0,32.0,2418.0,2344.0,74.0,0.75,0.5,0.59,,,,,19.0,0.03
1,WAS,Washington Mystics,0.44,14.0,18.0,32.0,2176.0,2221.0,-45.0,0.44,0.44,,,,,,,
2,WAS,Washington Mystics,0.31,10.0,22.0,32.0,1928.0,2075.0,-147.0,0.5,0.12,0.44,,,,,14.0,-0.12
3,WAS,Washington Mystics,0.53,17.0,15.0,32.0,2135.0,2116.0,19.0,0.56,0.5,0.31,,,,,10.0,0.22
4,WAS,Washington Mystics,0.26,9.0,25.0,34.0,2330.0,2498.0,-168.0,0.18,0.35,0.53,,,,,17.0,-0.27
5,WAS,Washington Mystics,0.5,17.0,17.0,34.0,2325.0,2384.0,-59.0,0.65,0.35,0.26,,,,,9.0,0.24
6,WAS,Washington Mystics,0.47,16.0,18.0,34.0,2263.0,2305.0,-42.0,0.59,0.35,0.5,,,,,17.0,-0.03
7,WAS,Washington Mystics,0.53,18.0,16.0,34.0,2747.0,2657.0,90.0,0.76,0.29,0.47,,,,,16.0,0.06
8,WAS,Washington Mystics,0.47,16.0,18.0,34.0,2585.0,2639.0,-54.0,0.47,0.47,0.53,,,,,18.0,-0.06
9,WAS,Washington Mystics,0.29,10.0,24.0,34.0,2368.0,2601.0,-233.0,0.35,0.24,0.47,,,,,16.0,-0.18
10,WAS,Washington Mystics,0.47,16.0,18.0,34.0,2585.0,2622.0,-37.0,0.65,0.29,0.29,,,,,10.0,0.18
