           per36  minutes  points  rebounds  assists  steals  blocks  turnovers
per36      1.000    0.559   0.709     0.662    0.348   0.525   0.525      0.563
minutes    0.559    1.000   0.912     0.828    0.786   0.854   0.498      0.919
points     0.709    0.912   1.000     0.817    0.669   0.785   0.534      0.871
rebounds   0.662    0.828   0.817     1.000    0.472   0.691   0.722      0.781
assists    0.348    0.786   0.669     0.472    1.000   0.771   0.176      0.790
steals     0.525    0.854   0.785     0.691    0.771   1.000   0.364      0.814
blocks     0.525    0.498   0.534     0.722    0.176   0.364   1.000      0.494
turnovers  0.563    0.919   0.871     0.781    0.790   0.814   0.494      1.000
