year,tmID,name,season_win_pct,won,lost,GP,o_pts,d_pts,point_diff,home_win_pct,away_win_pct,prev_season_win_pct_1,prev_season_win_pct_3,prev_season_win_pct_5,prev_point_diff_3,prev_point_diff_5,prev_wins_1,win_pct_change_from_prev
9,ATL,Atlanta Dream,0.12,4,30,34,2534,2879,-345,0.06,0.18,,,,,,,
10,ATL,Atlanta Dream,0.53,18,16,34,2861,2797,64,0.71,0.35,0.12,0.12,0.12,-345.0,-345.0,4.0,0.41
1,CHA,Charlotte Sting,0.25,8,24,32,2186,2429,-243,0.31,0.19,,,,,,,
2,CHA,Charlotte Sting,0.56,18,14,32,2055,2009,46,0.69,0.44,0.25,0.25,0.25,-243.0,-243.0,8.0,0.31
3,CHA,Charlotte Sting,0.56,18,14,32,2241,2133,108,0.69,0.44,0.56,0.4,0.4,-98.5,-98.5,18.0,0.0
4,CHA,Charlotte Sting,0.53,18,16,34,2217,2195,22,0.76,0.29,0.56,0.46,0.46,-29.67,-29.67,18.0,-0.03
5,CHA,Charlotte Sting,0.47,16,18,34,2092,2168,-76,0.59,0.35,0.53,0.55,0.48,58.67,-16.75,18.0,-0.06
6,CHA,Charlotte Sting,0.18,6,28,34,2095,2335,-240,0.29,0.06,0.47,0.52,0.47,18.0,-28.6,16.0,-0.29
7,CHA,Charlotte Sting,0.32,11,23,34,2456,2571,-115,0.41,0.24,0.18,0.39,0.46,-98.0,-28.0,6.0,0.14
7,CHI,Chicago Sky,0.15,5,29,34,2322,2687,-365,0.18,0.12,,,,,,,
8,CHI,Chicago Sky,0.41,14,20,34,2525,2611,-86,0.35,0.47,0.15,0.15,0.15,-365.0,-365.0,5.0,0.26
9,CHI,Chicago Sky,0.35,12,22,34,2472,2510,-38,0.47,0.24,0.41,0.28,0.28,-225.5,-225.5,14.0,-0.06
10,CHI,Chicago Sky,0.47,16,18,34,2573,2693,-120,0.71,0.24,0.35,0.3,0.3,-163.0,-163.0,12.0,0.12
1,CLE,Cleveland Rockers,0.53,17,15,32,2185,2122,63,0.81,0.25,,,,,,,
2,CLE,Cleveland Rockers,0.69,22,10,32,2004,1788,216,0.88,0.5,0.53,0.53,0.53,63.0,63.0,17.0,0.16
3,CLE,Cleveland Rockers,0.31,10,22,32,2071,2140,-69,0.25,0.38,0.69,0.61,0.61,139.5,139.5,22.0,-0.38
4,CLE,Cleveland Rockers,0.5,17,17,34,2229,2210,19,0.65,0.35,0.31,0.51,0.51,70.0,70.0,10.0,0.19
4,CON,Connecticut Sun,0.53,18,16,34,2384,2409,-25,0.59,0.47,,,,,,,
5,CON,Connecticut Sun,0.53,18,16,34,2335,2304,31,0.59,0.47,0.53,0.53,0.53,-25.0,-25.0,18.0,0.0
6,CON,Connecticut Sun,0.76,26,8,34,2474,2244,230,0.82,0.71,0.53,0.53,0.53,3.0,3.0,18.0,0.23
7,CON,Connecticut Sun,0.76,26,8,34,2683,2417,266,0.82,0.71,0.76,0.61,0.61,78.67,78.67,26.0,0.0
8,CON,Connecticut Sun,0.53,18,16,34,2675,2593,82,0.47,0.59,0.76,0.68,0.64,175.67,125.5,26.0,-0.23
9,CON,Connecticut Sun,0.62,21,13,34,2690,2541,149,0.76,0.47,0.53,0.68,0.62,192.67,116.8,18.0,0.09
10,CON,Connecticut Sun,0.47,16,18,34,2651,2654,-3,0.71,0.24,0.62,0.64,0.64,165.67,151.6,21.0,-0.15
1,DET,Detroit Shock,0.44,14,18,32,2331,2426,-95,0.5,0.38,,,,,,,
2,DET,Detroit Shock,0.31,10,22,32,2103,2269,-166,0.38,0.25,0.44,0.44,0.44,-95.0,-95.0,14.0,-0.13
3,DET,Detroit Shock,0.28,9,23,32,2114,2266,-152,0.44,0.12,0.31,0.38,0.38,-130.5,-130.5,10.0,-0.03
4,DET,Detroit Shock,0.74,25,9,34,2553,2395,158,0.76,0.71,0.28,0.34,0.34,-137.67,-137.67,9.0,0.46
5,DET,Detroit Shock,0.5,17,17,34,2366,2381,-15,0.47,0.53,0.74,0.44,0.44,-53.33,-63.75,25.0,-0.24
6,DET,Detroit Shock,0.47,16,18,34,2247,2287,-40,0.71,0.24,0.5,0.51,0.45,-3.0,-54.0,17.0,-0.03
7,DET,Detroit Shock,0.68,23,11,34,2527,2384,143,0.82,0.53,0.47,0.57,0.46,34.33,-43.0,16.0,0.21
8,DET,Detroit Shock,0.71,24,10,34,2697,2540,157,0.71,0.71,0.68,0.55,0.53,29.33,18.8,23.0,0.03
9,DET,Detroit Shock,0.65,22,12,34,2672,2522,150,0.82,0.47,0.71,0.62,0.62,86.67,80.6,24.0,-0.06
10,DET,Detroit Shock,0.53,18,16,34,2652,2644,8,0.65,0.41,0.65,0.68,0.6,150.0,79.0,22.0,-0.12
1,HOU,Houston Comets,0.84,27,5,32,2475,2066,409,0.88,0.81,,,,,,,
2,HOU,Houston Comets,0.59,19,13,32,2047,1994,53,0.69,0.5,0.84,0.84,0.84,409.0,409.0,27.0,-0.25
3,HOU,Houston Comets,0.75,24,8,32,2072,1892,180,0.88,0.62,0.59,0.72,0.72,231.0,231.0,19.0,0.16
4,HOU,Houston Comets,0.59,20,14,34,2244,2142,102,0.82,0.35,0.75,0.73,0.73,214.0,214.0,24.0,-0.16
5,HOU,Houston Comets,0.38,13,21,34,2177,2211,-34,0.53,0.24,0.59,0.64,0.69,111.67,186.0,20.0,-0.21
6,HOU,Houston Comets,0.56,19,15,34,2309,2263,46,0.65,0.47,0.38,0.57,0.63,82.67,142.0,13.0,0.18
7,HOU,Houston Comets,0.53,18,16,34,2507,2449,58,0.71,0.35,0.56,0.51,0.57,38.0,69.4,19.0,-0.03
8,HOU,Houston Comets,0.38,13,21,34,2510,2628,-118,0.41,0.35,0.53,0.49,0.56,23.33,70.4,18.0,-0.15
9,HOU,Houston Comets,0.5,17,17,34,2561,2606,-45,0.76,0.24,0.38,0.49,0.49,-4.67,10.8,13.0,0.12
1,IND,Indiana Fever,0.28,9,23,32,2213,2290,-77,0.31,0.25,,,,,,,
2,IND,Indiana Fever,0.31,10,22,32,2153,2249,-96,0.44,0.19,0.28,0.28,0.28,-77.0,-77.0,9.0,0.03
3,IND,Indiana Fever,0.5,16,16,32,2097,2129,-32,0.62,0.38,0.31,0.3,0.3,-86.5,-86.5,10.0,0.19
4,IND,Indiana Fever,0.47,16,18,34,2337,2321,16,0.65,0.29,0.5,0.36,0.36,-68.33,-68.33,16.0,-0.03
5,IND,Indiana Fever,0.44,15,19,34,2198,2245,-47,0.59,0.29,0.47,0.43,0.39,-37.33,-47.25,16.0,-0.03
6,IND,Indiana Fever,0.62,21,13,34,2170,2133,37,0.82,0.41,0.44,0.47,0.4,-21.0,-47.2,15.0,0.18
7,IND,Indiana Fever,0.62,21,13,34,2435,2316,119,0.71,0.53,0.62,0.51,0.47,2.0,-24.4,21.0,0.0
8,IND,Indiana Fever,0.62,21,13,34,2480,2370,110,0.71,0.53,0.62,0.56,0.53,36.33,18.6,21.0,0.0
9,IND,Indiana Fever,0.5,17,17,34,2473,2457,16,0.65,0.35,0.62,0.62,0.55,88.67,47.0,21.0,-0.12
10,IND,Indiana Fever,0.65,22,12,34,2606,2501,105,0.82,0.47,0.5,0.58,0.56,81.67,47.0,17.0,0.15
1,LAS,Los Angeles Sparks,0.88,28,4,32,2417,2169,248,0.94,0.81,,,,,,,
2,LAS,Los Angeles Sparks,0.88,28,4,32,2441,2166,275,1.0,0.75,0.88,0.88,0.88,248.0,248.0,28.0,0.0
3,LAS,Los Angeles Sparks,0.78,25,7,32,2452,2235,217,0.75,0.81,0.88,0.88,0.88,261.5,261.5,28.0,-0.1
4,LAS,Los Angeles Sparks,0.71,24,10,34,2499,2432,67,0.65,0.76,0.78,0.85,0.85,246.67,246.67,25.0,-0.07
5,LAS,Los Angeles Sparks,0.74,25,9,34,2495,2361,134,0.88,0.59,0.71,0.79,0.81,186.33,201.75,24.0,0.03
6,LAS,Los Angeles Sparks,0.5,17,17,34,2326,2345,-19,0.65,0.35,0.74,0.74,0.8,139.33,188.2,25.0,-0.24
7,LAS,Los Angeles Sparks,0.74,25,9,34,2575,2476,99,0.88,0.59,0.5,0.65,0.72,60.67,134.8,17.0,0.24
8,LAS,Los Angeles Sparks,0.29,10,24,34,2533,2708,-175,0.29,0.29,0.74,0.66,0.69,71.33,99.6,25.0,-0.45
9,LAS,Los Angeles Sparks,0.59,20,14,34,2598,2523,75,0.71,0.47,0.29,0.51,0.6,-31.67,21.2,10.0,0.3
10,LAS,Los Angeles Sparks,0.53,18,16,34,2533,2498,35,0.65,0.41,0.59,0.54,0.57,-0.33,22.8,20.0,-0.06
1,MIA,Miami Sol,0.41,13,19,32,1831,2001,-170,0.56,0.25,,,,,,,
2,MIA,Miami Sol,0.62,20,12,32,1957,1898,59,0.62,0.62,0.41,0.41,0.41,-170.0,-170.0,13.0,0.21
3,MIA,Miami Sol,0.47,15,17,32,2046,2088,-42,0.56,0.38,0.62,0.52,0.52,-55.5,-55.5,20.0,-0.15
1,MIN,Minnesota Lynx,0.47,15,17,32,2193,2188,5,0.5,0.44,,,,,,,
2,MIN,Minnesota Lynx,0.38,12,20,32,2077,2156,-79,0.38,0.38,0.47,0.47,0.47,5.0,5.0,15.0,-0.09
3,MIN,Minnesota Lynx,0.31,10,22,32,2003,2104,-101,0.44,0.19,0.38,0.42,0.42,-37.0,-37.0,12.0,-0.07
4,MIN,Minnesota Lynx,0.53,18,16,34,2380,2370,10,0.65,0.41,0.31,0.39,0.39,-58.33,-58.33,10.0,0.22
5,MIN,Minnesota Lynx,0.53,18,16,34,2165,2190,-25,0.65,0.41,0.53,0.41,0.42,-56.67,-41.25,18.0,0.0
6,MIN,Minnesota Lynx,0.41,14,20,34,2211,2288,-77,0.65,0.18,0.53,0.46,0.44,-38.67,-38.0,18.0,-0.12
7,MIN,Minnesota Lynx,0.29,10,24,34,2523,2735,-212,0.47,0.12,0.41,0.49,0.43,-30.67,-54.4,14.0,-0.12
8,MIN,Minnesota Lynx,0.29,10,24,34,2636,2752,-116,0.41,0.18,0.29,0.41,0.41,-104.67,-81.0,10.0,0.0
9,MIN,Minnesota Lynx,0.47,16,18,34,2767,2721,46,0.53,0.41,0.29,0.33,0.41,-135.0,-84.0,10.0,0.18
10,MIN,Minnesota Lynx,0.41,14,20,34,2731,2827,-96,0.53,0.29,0.47,0.35,0.4,-94.0,-76.8,16.0,-0.06
1,NYL,New York Liberty,0.62,20,12,32,2148,2035,113,0.75,0.5,,,,,,,
2,NYL,New York Liberty,0.66,21,11,32,2162,2082,80,0.81,0.5,0.62,0.62,0.62,113.0,113.0,20.0,0.04
3,NYL,New York Liberty,0.56,18,14,32,2089,2015,74,0.62,0.5,0.66,0.64,0.64,96.5,96.5,21.0,-0.1
4,NYL,New York Liberty,0.47,16,18,34,2243,2256,-13,0.65,0.29,0.56,0.61,0.61,89.0,89.0,18.0,-0.09
5,NYL,New York Liberty,0.53,18,16,34,2252,2297,-45,0.65,0.41,0.47,0.56,0.58,47.0,63.5,16.0,0.06
6,NYL,New York Liberty,0.53,18,16,34,2316,2285,31,0.59,0.47,0.53,0.52,0.57,5.33,41.8,18.0,0.0
7,NYL,New York Liberty,0.32,11,23,34,2372,2656,-284,0.41,0.24,0.53,0.51,0.55,-9.0,25.4,18.0,-0.21
8,NYL,New York Liberty,0.47,16,18,34,2413,2501,-88,0.59,0.35,0.32,0.46,0.48,-99.33,-47.4,11.0,0.15
9,NYL,New York Liberty,0.56,19,15,34,2573,2538,35,0.65,0.47,0.47,0.44,0.46,-113.67,-79.8,16.0,0.09
10,NYL,New York Liberty,0.38,13,21,34,2512,2535,-23,0.47,0.29,0.56,0.45,0.48,-112.33,-70.2,19.0,-0.18
1,ORL,Orlando Miracle,0.5,16,16,32,2208,2233,-25,0.69,0.31,,,,,,,
2,ORL,Orlando Miracle,0.41,13,19,32,2140,2205,-65,0.62,0.19,0.5,0.5,0.5,-25.0,-25.0,16.0,-0.09
3,ORL,Orlando Miracle,0.5,16,16,32,2254,2255,-1,0.62,0.38,0.41,0.45,0.45,-45.0,-45.0,13.0,0.09
1,PHO,Phoenix Mercury,0.62,20,12,32,2243,2102,141,0.69,0.56,,,,,,,
2,PHO,Phoenix Mercury,0.41,13,19,32,2064,2169,-105,0.62,0.19,0.62,0.62,0.62,141.0,141.0,20.0,-0.21
3,PHO,Phoenix Mercury,0.34,11,21,32,2091,2291,-200,0.62,0.06,0.41,0.52,0.52,18.0,18.0,13.0,-0.07
4,PHO,Phoenix Mercury,0.24,8,26,34,2097,2270,-173,0.35,0.12,0.34,0.46,0.46,-54.67,-54.67,11.0,-0.1
5,PHO,Phoenix Mercury,0.5,17,17,34,2300,2235,65,0.59,0.41,0.24,0.33,0.4,-159.33,-84.25,8.0,0.26
6,PHO,Phoenix Mercury,0.47,16,18,34,2361,2354,7,0.65,0.29,0.5,0.36,0.42,-102.67,-54.4,17.0,-0.03
7,PHO,Phoenix Mercury,0.53,18,16,34,2960,2879,81,0.59,0.47,0.47,0.4,0.39,-33.67,-81.2,16.0,0.06
8,PHO,Phoenix Mercury,0.68,23,11,34,3025,2904,121,0.71,0.65,0.53,0.5,0.42,51.0,-44.0,18.0,0.15
9,PHO,Phoenix Mercury,0.47,16,18,34,3010,3009,1,0.59,0.35,0.68,0.56,0.48,69.67,20.2,23.0,-0.21
10,PHO,Phoenix Mercury,0.68,23,11,34,3156,3031,125,0.71,0.65,0.47,0.56,0.53,67.67,55.0,16.0,0.21
1,POR,Portland Fire,0.31,10,22,32,2155,2303,-148,0.38,0.25,,,,,,,
2,POR,Portland Fire,0.34,11,21,32,2088,2202,-114,0.38,0.31,0.31,0.31,0.31,-148.0,-148.0,10.0,0.03
3,POR,Portland Fire,0.5,16,16,32,2195,2227,-32,0.56,0.44,0.34,0.32,0.32,-131.0,-131.0,11.0,0.16
1,SAC,Sacramento Monarchs,0.66,21,11,32,2343,2176,167,0.81,0.5,,,,,,,
2,SAC,Sacramento Monarchs,0.62,20,12,32,2294,2139,155,0.75,0.5,0.66,0.66,0.66,167.0,167.0,21.0,-0.04
3,SAC,Sacramento Monarchs,0.44,14,18,32,2166,2294,-128,0.62,0.25,0.62,0.64,0.64,161.0,161.0,20.0,-0.18
4,SAC,Sacramento Monarchs,0.56,19,15,34,2299,2216,83,0.71,0.41,0.44,0.57,0.57,64.67,64.67,14.0,0.12
5,SAC,Sacramento Monarchs,0.53,18,16,34,2312,2241,71,0.59,0.47,0.56,0.54,0.57,36.67,69.25,19.0,-0.03
6,SAC,Sacramento Monarchs,0.74,25,9,34,2329,2093,236,0.88,0.59,0.53,0.51,0.56,8.67,69.6,18.0,0.21
7,SAC,Sacramento Monarchs,0.62,21,13,34,2537,2404,133,0.82,0.41,0.74,0.61,0.58,130.0,83.4,25.0,-0.12
8,SAC,Sacramento Monarchs,0.56,19,15,34,2527,2480,47,0.71,0.41,0.62,0.63,0.58,146.67,79.0,21.0,-0.06
9,SAC,Sacramento Monarchs,0.53,18,16,34,2545,2571,-26,0.76,0.29,0.56,0.64,0.6,138.67,114.0,19.0,-0.03
10,SAC,Sacramento Monarchs,0.35,12,22,34,2610,2690,-80,0.41,0.29,0.53,0.57,0.6,51.33,92.2,18.0,-0.18
4,SAS,San Antonio Silver Stars,0.35,12,22,34,2215,2427,-212,0.53,0.18,,,,,,,
5,SAS,San Antonio Silver Stars,0.26,9,25,34,2191,2364,-173,0.35,0.18,0.35,0.35,0.35,-212.0,-212.0,12.0,-0.09
6,SAS,San Antonio Silver Stars,0.21,7,27,34,2141,2401,-260,0.29,0.12,0.26,0.3,0.3,-192.5,-192.5,9.0,-0.05
7,SAS,San Antonio Silver Stars,0.38,13,21,34,2523,2603,-80,0.35,0.41,0.21,0.27,0.27,-215.0,-215.0,7.0,0.17
8,SAS,San Antonio Silver Stars,0.59,20,14,34,2517,2484,33,0.53,0.65,0.38,0.28,0.3,-171.0,-181.25,13.0,0.21
9,SAS,San Antonio Silver Stars,0.71,24,10,34,2546,2418,128,0.88,0.53,0.59,0.39,0.36,-102.33,-138.4,20.0,0.12
10,SAS,San Antonio Silver Stars,0.44,15,19,34,2615,2661,-46,0.59,0.29,0.71,0.56,0.43,27.0,-70.4,24.0,-0.27
1,SEA,Seattle Storm,0.19,6,26,32,1822,2171,-349,0.25,0.12,,,,,,,
2,SEA,Seattle Storm,0.31,10,22,32,1921,2048,-127,0.31,0.31,0.19,0.19,0.19,-349.0,-349.0,6.0,0.12
3,SEA,Seattle Storm,0.53,17,15,32,2188,2103,85,0.62,0.44,0.31,0.25,0.25,-238.0,-238.0,10.0,0.22
4,SEA,Seattle Storm,0.53,18,16,34,2388,2274,114,0.76,0.29,0.53,0.34,0.34,-130.33,-130.33,17.0,0.0
5,SEA,Seattle Storm,0.59,20,14,34,2437,2264,173,0.76,0.41,0.53,0.46,0.39,24.0,-69.25,18.0,0.06
6,SEA,Seattle Storm,0.59,20,14,34,2498,2407,91,0.82,0.35,0.59,0.55,0.43,124.0,-20.8,20.0,0.0
7,SEA,Seattle Storm,0.53,18,16,34,2644,2575,69,0.53,0.53,0.59,0.57,0.51,126.0,67.2,20.0,-0.06
8,SEA,Seattle Storm,0.5,17,17,34,2734,2647,87,0.71,0.29,0.53,0.57,0.55,111.0,106.4,18.0,-0.03
9,SEA,Seattle Storm,0.65,22,12,34,2493,2406,87,0.94,0.35,0.5,0.54,0.55,82.33,106.8,17.0,0.15
10,SEA,Seattle Storm,0.59,20,14,34,2544,2476,68,0.76,0.41,0.65,0.56,0.57,81.0,101.4,22.0,-0.06
1,UTA,Utah Starzz,0.56,18,14,32,2413,2407,6,0.75,0.38,,,,,,,
2,UTA,Utah Starzz,0.59,19,13,32,2207,2192,15,0.56,0.62,0.56,0.56,0.56,6.0,6.0,18.0,0.03
3,UTA,Utah Starzz,0.62,20,12,32,2418,2344,74,0.75,0.5,0.59,0.57,0.57,10.5,10.5,19.0,0.03
1,WAS,Washington Mystics,0.44,14,18,32,2176,2221,-45,0.44,0.44,,,,,,,
2,WAS,Washington Mystics,0.31,10,22,32,1928,2075,-147,0.5,0.12,0.44,0.44,0.44,-45.0,-45.0,14.0,-0.13
3,WAS,Washington Mystics,0.53,17,15,32,2135,2116,19,0.56,0.5,0.31,0.38,0.38,-96.0,-96.0,10.0,0.22
4,WAS,Washington Mystics,0.26,9,25,34,2330,2498,-168,0.18,0.35,0.53,0.43,0.43,-57.67,-57.67,17.0,-0.27
5,WAS,Washington Mystics,0.5,17,17,34,2325,2384,-59,0.65,0.35,0.26,0.37,0.38,-98.67,-85.25,9.0,0.24
6,WAS,Washington Mystics,0.47,16,18,34,2263,2305,-42,0.59,0.35,0.5,0.43,0.41,-69.33,-80.0,17.0,-0.03
7,WAS,Washington Mystics,0.53,18,16,34,2747,2657,90,0.76,0.29,0.47,0.41,0.41,-89.67,-79.4,16.0,0.06
8,WAS,Washington Mystics,0.47,16,18,34,2585,2639,-54,0.47,0.47,0.53,0.5,0.46,-3.67,-32.0,18.0,-0.06
9,WAS,Washington Mystics,0.29,10,24,34,2368,2601,-233,0.35,0.24,0.47,0.49,0.45,-2.0,-46.6,16.0,-0.18
10,WAS,Washington Mystics,0.47,16,18,34,2585,2622,-37,0.65,0.29,0.29,0.43,0.45,-65.67,-59.6,10.0,0.18
